28127
28111
28119
214856
1970189
2893885
2654843
2602769
1016
1017
1018
1855336
1908341
1888915
111500
1383885
516051
2749995
1714849
480520
702745
59600
76594
2058134
2908210
1736674
1850246
2905121
398743
762954
2675331
2487064
2594269
250
2852098
2820270
28251
336810
2932251
2933777
2496028
400092
2745197
2520506
2735870
388413
2907623
28454
423351
1234841
84567
2714940
984
2029983
1813871
1868325
1379270
833
1160721
438033
2834348
301301
2479767
1737424
2763667
2068655
1501
94869
36845
1734049
2811778
1348613
863643
31899
712528
907
2217832
2682541
2499213
483913
2936682
2072025
284581
2567941
450367
2837508
2932257
2932256
2303505
33936
2925845
562959
128574
2950604
29379
308354
45972
2892440
1293
1461582
407035
2213202
2233542
1598147
76853
417367
33987
360911
340146
29330
1637
1844999
1624
2099789
2304606
1612
1590
60520
57037
2767885
53444
51664
76860
150055
1366
2816912
2420313
417368
128827
2899121
100886
162289
1287640
1871025
2483401
104336
57043
2614639
683042
2781962
110932
150123
1804990
2499157
2079227
2879621
37928
2211210
156980
2590774
257984
2735316
1667168
2805590
1331736
571913
2714931
1276
482462
1773
486698
85693
39695
1716
169292
1223514
1231000
1697
1718
85025
1824
2567884
2885078
1570939
2907624
334542
2053
1004901
322509
2751189
2072505
1188315
2913412
2930049
2782004
206662
2563602
1892
1077946
1920
2710756
68570
2686304
146923
67282
66892
53451
1690221
1437453
1940
1886
2126346
2792977
78259
2017486
2898796
2763008
2712223
2040
1871034
700274
103731
946334
113562
2081702
59505
280236
53522
2820884
573600
2933797
281472
2844380
1944646
49319
2751170
59932
155977
77021
752201
577489
1173026
1150
1155739
2974039
2596745
1394889
33071
1763363
2967302
51365
171281
2094
2112
2115
2923352
2132
216937
47834
229545
2124
2098
45363
502394
274
56957
1839801
244366
2587529
590
1330547
1505597
2945587
1199245
1920114
2681307
2675791
2675778
2153385
565
2906475
2872648
82987
61651
40576
584
102862
2218628
204042
2108399
2866807
1028989
2804761
2049589
2895473
2815936
658642
2870860
118613
658630
2871095
2837969
2745519
2895474
1173283
76758
46257
1190415
1499686
364197
1788301
2518644
1306993
47886
2859001
472181
2304594
2072412
2925843
2904253
69
346
343
56459
29447
2911538
231455
1542730
2010829
2021234
2806008
404011
256839
2490635
227
206042
1777491
2686359
2937286
2746231
2730360
2733487
2883106
2854257
2497861
1897729
1081866
44935
33074
204286
2758724
2014542
1094342
1917421
2819101
663
300876
265668
664643
190897
552386
170651
680026
51366
1908198
2714110
1646498
2905879
471
1871111
1789224
1148157
476
1699623
45610
330922
2819280
2182432
1046
1227
1049
521689
1763998
2778066
650
648
73010
43948
1903694
75984
2679994
716
2591606
435905
2909669
2601894
630749
254246
1249552
465721
2908648
986106
1561924
2183911
356
2020312
399
1335061
28105
375549
1390132
1325111
44255
722472
475937
1395974
2592814
68287
2744521
675281
31998
2282523
408
388408
2759660
85701
45401
717785
279
2419844
1701758
533
708113
444444
2928472
2972485
2898433
2219696
304378
152682
2878545
2780074
164608
205844
2026624
2867233
450378
361183
2338327
2055955
2862331
82367
2867026
2785912
2867015
2293862
302485
92945
1579316
265959
257438
2561924
2752515
293
75
770
142058
89586
54526
2829597
2494234
488731
488729
57975
2735433
311230
2839983
68895
93218
2770234
556054
1819725
1827195
2968475
2966554
12916
1858609
80869
1484693
1649468
2769491
2045208
279058
1644131
72557
1697043
463014
1416806
507
2953809
2975441
215580
490
492
2917790
1499392
748247
2815343
1565605
35798
1231
63745
453161
233181
872
57320
2910984
2794998
2813578
161492
56
345632
2897342
890
897
65555
181663
2358
213849
199
1031542
28898
1448857
2808963
28196
1355374
1032072
39766
202747
1591088
135569
1581011
194424
191291
1921087
1796921
2527964
2527996
2483368
85991
136
53419
221027
252967
44449
1287055
171
174
856
285729
712368
187101
1617967
940615
940614
2703788
81462
108007
81468
188709
1643949
1184387
2093824
1936990
180
28262
228745
118000
1295609
171695
936456
9606
2235
869886
2931977
203135
2961595
2961571
62320
69525
1853699
1017351
699433
2210
2215
33865
2202
2224
2731220
59277
83171
155863
172049
342948
49899
2261
121277
312539
229980
1459637
50339
1673428
74968
1211417
2772059
2948922
2734126
2842979
2843722
2955842
2733124
2732595
10986
2843875
624186
1186051
2686210
2571156
2683193
669357
2448483
1206777
2587597
718
876364
2709685
2883236
1779135
35817
2862870
537874
1914850
2846100
1508644
2282309
145262
2732782
2844165
2039639
893
327511
10
1105106
2955533
2842820
331278
2560124
10242
60919
701045
1177214
2935858
2745482
1918522
2842586
2844166
2560370
2734137
1513458
83442
1437364
1982151
2845430
10317
10298
154334
1105171
2816909
2006134
2560269
10385
97195
2501923
1338689
1655644
1918012
150830
1921705
2732689
346883
2845136
129727
2912629
2843418
1923237
1188795
1981162
1623289
10381
1125677
2956144
398041
1873778
1920779
1720498
1245890
1921119
1972683
2845481

